Tiempo;Angulo_izq;DeltaAngulo_izq;Angulo_der;DeltaAngulo_der;puntaje;manzanas
0,01;170;-10,75082;-8;-8,617264;0;manzanas
0,03;166;-3,863021;-6;2,360428;0;manzanas
0,05;164;-2,220276;-2;4,067917;0;manzanas
0,07;163;-1,077072;0;1,858032;0;manzanas
0,09;161;-1,952805;2;2,819977;0;manzanas
0,11;159;-1,467743;3;360,647;0;manzanas
0,13;157;-2,439697;3;360,1585;0;manzanas
0,15;155;-1,745346;3;360,0546;0;manzanas
0,17;153;-1,890793;4;360,8068;0;manzanas
0,19;158;4,779526;4;360,0709;0;manzanas
0,21;159;1,394928;3;359,2992;0;manzanas
0,23;161;1,348022;3;359,8228;0;manzanas
0,25;162;1,452608;2;359,6509;0;manzanas
0,27;163;0,5756073;2;359,2994;0;manzanas
0,29;163;0,2591114;2;360,046;0;manzanas
0,31;164;1,083418;2;360,3554;0;manzanas
0,33;164;0,1878681;1;359,2733;0;manzanas
0,35;164;1,907349E-06;0;357,0646;0;manzanas
0,37;164;0,2912312;-8;-7,381439;0;manzanas
0,39;182;18,3365;-29;-20,85667;0;manzanas
0,41;192;370,2102;-39;-10,74413;0;manzanas
0,43;215;383,3669;-48;-8,834854;0;manzanas
0,45;223;367,5552;-59;-10,62046;0;manzanas
0,47;228;364,8425;-60;-1,496731;0;manzanas
0,49;233;364,8483;-61;-0,5342674;0;manzanas
0,51;233;360;-62;-1,039814;0;manzanas
0,53;233;360;-62;0,4139862;0;manzanas
0,55;233;360,6875;-60;1,493729;0;manzanas
0,57;230;356,2262;-54;5,665146;0;manzanas
0,59;225;355,7569;-49;5,141575;0;manzanas
0,61;219;353,829;-41;8,481003;0;manzanas
0,63;197;337,494;-12;28,35526;0;manzanas
0,65;177;339,5993;6;19,1272;0;manzanas
0,67;133;-44,09094;25;379,608;0;manzanas
0,69;121;-11,75708;50;385,1445;0;manzanas
0,71;115;-5,94949;53;363,028;0;manzanas
0,73;114;-1,706451;53;360;0;manzanas
0,75;120;5,964172;30;336,9441;0;manzanas
0,77;131;11,7785;17;346,1385;0;manzanas
0,79;171;39,72134;0;343,4227;0;manzanas
0,81;192;21,3403;-36;322,7299;0;manzanas
0,83;206;374,1369;-51;-14,60465;0;manzanas
0,85;220;374,429;-61;-10,48465;0;manzanas
0,87;222;361,8763;-66;-4,36713;0;manzanas
0,89;220;357,8782;-62;3,945526;0;manzanas
0,91;203;343,2061;-55;6,669468;0;manzanas
0,93;187;344,0984;-28;26,77496;0;manzanas
0,95;167;339,2758;-6;22,33414;0;manzanas
0,97;137;-30,31985;16;23,17345;0;manzanas
0,99;133;-3,951477;35;379,1815;0;manzanas
1,01;136;2,503799;30;354,8662;0;manzanas
1,03;164;28,72567;20;349,6166;0;manzanas
1,05;187;24,04785;-17;322,0187;0;manzanas
1,07;208;380,1295;-36;-18,43989;0;manzanas
1,09;226;378,1564;-51;-14,9264;0;manzanas
1,11;229;363,626;-70;-19,40194;0;manzanas
1,13;231;361,579;-73;-3,305069;0;manzanas
1,15;227;356,2222;-71;2,179276;0;manzanas
1,17;222;355,2025;-57;13,75302;0;manzanas
1,19;215;353,0116;-46;11,17545;0;manzanas
1,21;190;334,6662;-31;15,10187;0;manzanas
1,23;190;360;5;37,20743;0;manzanas
1,25;151;320,2212;18;373,2388;0;manzanas
1,27;128;-23,20755;27;368,1017;0;manzanas
1,29;122;-5,86282;27;360,7791;0;manzanas
1,31;121;-1,3974;20;352,544;0;manzanas
1,33;131;10,49308;9;349,1538;0;manzanas
1,35;143;11,74696;-20;329,5842;0;manzanas
1,37;161;17,83698;-36;-15,96885;0;manzanas
1,39;184;23,93929;-51;-14,17257;0;manzanas
1,41;215;391,0984;-68;-17,36531;0;manzanas
1,43;219;363,9436;-71;-3,423416;0;manzanas
1,45;214;354,8062;-70;0,9656372;0;manzanas
1,47;207;353,3948;-61;9,725739;0;manzanas
1,49;199;351,7531;-53;7,325562;0;manzanas
1,51;180;341,5361;-44;9,373138;0;manzanas
1,53;168;346,7137;-20;23,71083;0;manzanas
1,55;154;-13,63693;-5;14,88194;0;manzanas
1,57;137;-17,31482;8;13,88979;0;manzanas
1,59;133;-4,045414;28;380,7565;0;manzanas
1,61;131;-2,02977;31;362,6882;0;manzanas
1,63;136;5,074238;27;356,4075;0;manzanas
1,65;146;9,691723;19;351,1352;0;manzanas
1,67;161;14,84376;-9;331,6541;0;manzanas
1,69;198;38,51118;-26;-17,29477;0;manzanas
1,71;210;372,1398;-56;-29,63301;0;manzanas
1,73;218;367,6616;-65;-9,542572;0;manzanas
1,75;223;364,8438;-71;-5,727142;0;manzanas
1,77;223;360,5026;-70;1,13913;0;manzanas
1,79;220;356,8793;-65;4,979156;0;manzanas
1,81;209;349,0262;-58;6,814178;0;manzanas
1,83;200;351,3072;-38;20,02545;0;manzanas
1,85;190;349,1523;-24;14,01305;0;manzanas
1,87;165;334,7849;-8;16,0694;0;manzanas
1,89;155;-10,50052;21;29,73694;0;manzanas
1,91;147;-7,489075;29;368,7112;0;manzanas
1,93;143;-4,802677;32;363,0295;0;manzanas
1,95;148;5,841034;23;350,9382;0;manzanas
1,97;164;15,97563;13;349,7866;0;manzanas
1,99;214;51,02808;0;347,1646;0;manzanas
2,01;227;372,3228;-31;327,407;0;manzanas
2,03;231;364,5099;-47;-15,77763;0;manzanas
2,05;228;356,9016;-59;-11,87785;0;manzanas
2,07;224;355,6469;-68;-8,930817;0;manzanas
2,09;221;357,0455;-65;2,38826;0;manzanas
2,11;215;354,3036;-60;5,61116;0;manzanas
2,13;209;353,9373;-43;16,89579;0;manzanas
2,15;201;351,8316;-31;11,83039;0;manzanas
2,17;178;336,22;-16;15,26178;0;manzanas
2,19;164;-14,4039;14;30,91019;0;manzanas
2,21;150;-13,64571;24;370,1052;0;manzanas
2,23;139;-10,84256;28;364,2046;0;manzanas
2,25;131;-8,379074;19;350,7117;0;manzanas
2,27;135;4,262875;8;348,5491;0;manzanas
2,29;147;12,29668;-6;345,5116;0;manzanas
2,31;188;41,12521;-37;-31,31009;0;manzanas
2,33;204;376,4562;-51;-13,47006;0;manzanas
2,35;218;374,3367;-61;-10,48552;0;manzanas
2,37;220;362,081;-71;-9,828785;0;manzanas
2,39;221;360,1835;-69;1,556625;0;manzanas
2,41;218;357,6335;-65;3,902122;0;manzanas
2,43;217;358,3103;-53;12,67538;0;manzanas
2,45;213;356,7682;-44;8,601929;0;manzanas
2,47;208;355,0221;-35;9,291065;0;manzanas
2,49;193;344,4471;-13;21,9062;0;manzanas
2,51;181;347,8883;0;12,88823;0;manzanas
2,53;167;345,7255;11;11,99908;0;manzanas
2,55;146;-21,65871;20;368,7065;0;manzanas
2,57;142;-3,318848;14;354,8412;0;manzanas
2,59;154;11,6163;6;351,9466;0;manzanas
2,61;171;16,96651;-14;338,3525;0;manzanas
2,63;190;20,15903;-28;-14,0143;0;manzanas
2,65;216;385,9111;-42;-13,91641;0;manzanas
2,67;222;365,5923;-62;-19,78229;0;manzanas
2,69;223;361,0693;-65;-3,180172;0;manzanas
2,71;220;357,2993;-64;1,343758;0;manzanas
2,73;209;348,4349;-53;10,72694;0;manzanas
2,75;200;351,5768;-46;7,458298;0;manzanas
2,77;173;331,7021;-37;8,98978;0;manzanas
2,79;156;-16,44771;-13;23,66811;0;manzanas
2,81;144;-12,37946;0;12,83637;0;manzanas
2,83;137;-7,125782;9;10,18925;0;manzanas
2,85;141;4,531799;10;360,5798;0;manzanas
2,87;153;11,50403;1;350,8957;0;manzanas
2,89;186;34,0226;-10;348,7719;0;manzanas
2,91;199;373,0051;-33;-23,13861;0;manzanas
2,93;207;368,4265;-44;-11,47293;0;manzanas
2,95;214;366,2842;-54;-10,17814;0;manzanas
2,97;222;368,8134;-65;-11,00022;0;manzanas
2,99;225;362,1301;-64;1,384521;0;manzanas
3,01;221;356,5403;-60;4,295135;0;manzanas
3,03;216;354,515;-48;11,5779;0;manzanas
3,05;208;352,2075;-42;6,638474;0;manzanas
3,07;198;349,9044;-34;7,486435;0;manzanas
3,09;170;331,0101;-16;18,52434;0;manzanas
3,11;155;-14,86764;-6;9,203842;0;manzanas
3,13;144;-10,80455;1;8,115265;0;manzanas
3,15;139;-4,705784;5;363,9033;0;manzanas
3,17;145;6,030502;-1;353,6792;0;manzanas
3,19;176;30,98678;-10;-9,465118;0;manzanas
3,21;193;17,91434;-33;-22,49199;0;manzanas
3,23;206;373,0189;-44;-11,69055;0;manzanas
3,25;221;374,9977;-55;-10,22537;0;manzanas
3,27;221;360;-63;-8,789658;0;manzanas
3,29;224;362,2539;-62;1,591053;0;manzanas
3,31;214;350,2969;-58;4,127487;0;manzanas
3,33;205;351,4669;-44;13,31713;0;manzanas
3,35;194;348,2419;-35;9,137238;0;manzanas
3,37;180;345,1621;-24;10,93978;0;manzanas
3,39;153;-26,75412;-1;23,31915;0;manzanas
3,41;146;-6,828598;4;6,036499;0;manzanas
3,43;144;-2,160374;3;358,3788;0;manzanas
3,45;156;11,74176;-13;343,0925;0;manzanas
3,47;174;18,61966;-23;-9,261719;0;manzanas
3,49;196;23,08514;-32;-9,029602;0;manzanas
3,51;223;386,1293;-50;-17,92877;0;manzanas
3,53;228;365,2286;-58;-8,434982;0;manzanas
3,55;232;364,1927;-65;-6,872986;0;manzanas
3,57;231;358,9044;-69;-4,309723;0;manzanas
3,59;228;357,1264;-66;3,411285;0;manzanas
3,61;217;349,3192;-61;5,164757;0;manzanas
3,63;208;351,1223;-48;12,44638;0;manzanas
3,65;197;348,3767;-41;6,743546;0;manzanas
3,67;169;331,6421;-34;7,254013;0;manzanas
3,69;156;-13,0088;-15;18,75111;0;manzanas
3,71;147;-9,761568;-15;0;0;manzanas
3,73;138;-8,330303;3;19,33157;0;manzanas
3,75;141;2,258495;10;367,5123;0;manzanas
3,77;148;7,603809;6;356,0505;0;manzanas
3,79;160;11,81909;-1;351,9763;0;manzanas
3,81;186;27,42511;-21;-20,76152;0;manzanas
3,83;196;369,9503;-33;-11,32703;0;manzanas
3,85;207;370,4797;-43;-10,36775;0;manzanas
3,87;206;359,4526;-51;-7,919647;0;manzanas
3,89;202;355,3115;-48;2,506428;0;manzanas
3,91;181;339,161;-42;5,988693;0;manzanas
3,93;168;346,1584;-23;19,81418;0;manzanas
3,95;155;-13,33052;-11;11,67044;0;manzanas
3,97;140;-14,19695;-11;0;0;manzanas
3,99;141;0,7558746;1;13,38126;0;manzanas
4,01;147;5,772999;-5;352,9681;0;manzanas
4,03;177;30,1353;-14;-9,783997;0;manzanas
4,05;193;16,59518;-35;-20,13385;0;manzanas
4,07;204;371,3186;-35;0;0;manzanas
4,09;214;369,5753;-53;-18,80722;0;manzanas
4,11;215;361,6547;-65;-12,0937;0;manzanas
4,13;216;360,5725;-67;-1,225189;0;manzanas
4,15;212;355,8469;-65;1,764694;0;manzanas
4,17;206;354,5522;-55;9,862518;0;manzanas
4,19;198;351,4708;-48;7,41922;0;manzanas
4,21;170;331,0624;-39;8,55756;0;manzanas
4,23;154;-16,08406;-20;19,0345;0;manzanas
4,25;144;-9,439117;-9;10,56616;0;manzanas
4,27;143;-1,727341;0;10,02878;0;manzanas
4,29;152;9,794422;6;366,0312;0;manzanas
4,31;173;20,52442;-1;352,6565;0;manzanas
4,33;209;37,52789;-13;-12,00401;0;manzanas
4,35;218;368,9285;-38;-25,31709;0;manzanas
4,37;222;364,1466;-48;-9,861252;0;manzanas
4,39;220;357,5341;-54;-5,981857;0;manzanas
4,41;213;353,2687;-53;1,123142;0;manzanas
4,43;201;348,1515;-46;6,518646;0;manzanas
4,45;162;319,1643;-36;9,858978;0;manzanas
4,47;145;-16,38896;-9;27,25868;0;manzanas
4,49;137;-8,284241;3;12,70375;0;manzanas
